iter	Passed	Remaining
0	70	211151
1	72	108597
2	74	74345
3	77	57356
4	79	47100
5	81	40365
6	83	35447
7	85	31868
8	87	29012
9	89	26701
10	92	24854
11	94	23283
12	96	21965
13	98	20779
14	100	19801
15	102	18941
16	104	18177
17	106	17498
18	108	16891
19	110	16355
20	112	15866
21	114	15434
22	116	15020
23	118	14648
24	120	14274
25	122	13926
26	124	13652
27	126	13379
28	128	13120
29	130	12874
30	132	12631
31	134	12422
32	136	12229
33	139	12047
34	141	11888
35	143	11718
36	145	11578
37	147	11420
38	149	11282
39	151	11154
40	153	11026
41	155	10898
42	157	10777
43	159	10665
44	161	10561
45	163	10459
46	166	10361
47	168	10273
48	170	10179
49	172	10091
50	174	10010
51	176	9924
52	178	9838
53	180	9759
54	182	9702
55	184	9638
56	186	9560
57	188	9487
58	190	9412
59	192	9354
60	194	9287
61	195	9220
62	197	9163
63	199	9109
64	201	9050
65	203	8999
66	205	8948
67	207	8892
68	209	8849
69	211	8798
70	213	8762
71	216	8725
72	218	8688
73	220	8648
74	222	8605
75	224	8569
76	226	8527
77	228	8497
78	230	8456
79	232	8428
80	234	8405
81	236	8374
82	239	8343
83	240	8307
84	242	8270
85	244	8235
86	246	8200
87	248	8167
88	250	8142
89	252	8109
90	254	8083
91	256	8053
92	258	8025
93	260	8002
94	262	7981
95	264	7955
96	266	7926
97	268	7900
98	270	7872
99	272	7848
100	274	7821
101	276	7792
102	278	7772
103	280	7750
104	282	7728
105	284	7709
106	286	7686
107	288	7672
108	290	7650
109	292	7633
110	294	7614
111	296	7594
112	298	7584
113	301	7567
114	303	7552
115	305	7535
116	307	7512
117	309	7495
118	311	7478
119	313	7463
120	315	7451
121	318	7454
122	320	7437
123	322	7421
124	324	7408
125	326	7394
126	328	7375
127	330	7366
128	332	7352
129	334	7338
130	336	7320
131	338	7302
132	340	7284
133	342	7266
134	344	7251
135	346	7238
136	348	7227
137	350	7216
138	352	7204
139	354	7192
140	356	7180
141	358	7164
142	360	7149
143	362	7140
144	364	7128
145	366	7113
146	368	7102
147	370	7097
148	372	7085
149	375	7079
150	377	7067
151	379	7057
152	381	7047
153	383	7034
154	385	7021
155	387	7012
156	389	7000
157	391	6992
158	393	6985
159	395	6974
160	397	6965
161	399	6956
162	402	6947
163	404	6937
164	406	6930
165	408	6919
166	410	6909
167	412	6905
168	414	6895
169	416	6886
170	418	6881
171	421	6879
172	423	6876
173	425	6869
174	428	6862
175	430	6855
176	432	6849
177	434	6839
178	436	6830
179	438	6823
180	440	6816
181	442	6806
182	444	6799
183	446	6789
184	448	6781
185	450	6773
186	453	6766
187	454	6756
188	456	6748
189	459	6742
190	461	6735
191	463	6731
192	465	6725
193	467	6716
194	469	6710
195	472	6705
196	473	6695
197	476	6688
198	478	6682
199	480	6672
200	482	6665
201	484	6656
202	485	6646
203	487	6639
204	490	6634
205	492	6627
206	494	6620
207	496	6613
208	498	6604
209	500	6596
210	502	6589
211	504	6582
212	506	6576
213	508	6572
214	510	6567
215	512	6560
216	514	6553
217	516	6544
218	518	6541
219	520	6533
220	522	6527
221	524	6519
222	526	6512
223	528	6503
224	530	6500
225	532	6494
226	535	6488
227	536	6480
228	538	6474
229	540	6466
230	543	6464
231	545	6457
232	547	6450
233	549	6444
234	551	6438
235	553	6430
236	554	6421
237	556	6416
238	558	6409
239	560	6402
240	562	6395
241	564	6389
242	567	6388
243	569	6382
244	571	6376
245	573	6371
246	575	6368
247	577	6364
248	579	6360
249	582	6355
250	583	6349
251	586	6344
252	588	6337
253	590	6333
254	592	6327
255	594	6322
256	596	6318
257	598	6310
258	600	6308
259	602	6303
260	604	6296
261	606	6291
262	608	6289
263	610	6284
264	612	6278
265	615	6276
266	617	6270
267	618	6263
268	620	6258
269	622	6252
270	625	6249
271	627	6244
272	629	6237
273	630	6230
274	632	6226
275	634	6220
276	636	6213
277	639	6210
278	640	6204
279	643	6202
280	645	6198
281	647	6194
282	649	6190
283	651	6183
284	653	6179
285	655	6173
286	657	6169
287	659	6164
288	661	6159
289	663	6152
290	665	6146
291	667	6142
292	669	6136
293	671	6132
294	673	6127
295	675	6122
296	677	6119
297	679	6115
298	681	6110
299	683	6105
300	685	6103
301	687	6098
302	689	6093
303	691	6089
304	694	6086
305	696	6082
306	698	6077
307	700	6073
308	701	6066
309	703	6061
310	706	6061
311	708	6059
312	710	6054
313	712	6051
314	714	6047
315	717	6045
316	719	6040
317	721	6037
318	723	6034
319	725	6031
320	727	6027
321	729	6023
322	731	6019
323	733	6015
324	735	6010
325	738	6008
326	740	6003
327	742	6000
328	743	5994
329	745	5990
330	747	5985
331	749	5979
332	752	5980
333	754	5974
334	756	5972
335	758	5967
336	760	5965
337	762	5961
338	764	5957
339	766	5953
340	768	5949
341	770	5945
342	772	5941
343	775	5938
344	777	5936
345	779	5932
346	781	5928
347	783	5923
348	785	5921
349	787	5918
350	789	5916
351	792	5913
352	793	5907
353	795	5903
354	797	5899
355	799	5895
356	801	5892
357	804	5889
358	806	5886
359	808	5882
360	810	5880
361	812	5875
362	814	5871
363	816	5867
364	818	5863
365	820	5859
366	822	5855
367	824	5849
368	826	5845
369	828	5841
370	830	5837
371	831	5832
372	833	5827
373	836	5825
374	838	5823
375	840	5821
376	842	5817
377	844	5813
378	846	5809
379	848	5805
380	850	5800
381	852	5797
382	854	5793
383	856	5789
384	858	5785
385	860	5781
386	862	5779
387	864	5774
388	866	5769
389	868	5766
390	870	5763
391	872	5761
392	874	5758
393	876	5753
394	878	5749
395	880	5745
396	882	5742
397	884	5739
398	886	5734
399	888	5731
400	890	5727
401	892	5724
402	894	5720
403	896	5716
404	898	5711
405	900	5710
406	903	5712
407	905	5708
408	907	5704
409	909	5699
410	911	5694
411	913	5692
412	915	5689
413	917	5685
414	919	5681
415	921	5678
416	923	5675
417	925	5673
418	927	5668
419	929	5665
420	931	5661
421	933	5657
422	935	5656
423	937	5653
424	939	5650
425	941	5646
426	943	5642
427	946	5641
428	947	5636
429	950	5634
430	952	5632
431	954	5629
432	956	5628
433	958	5625
434	961	5622
435	963	5619
436	964	5615
437	966	5611
438	968	5608
439	971	5606
440	973	5604
441	975	5602
442	977	5597
443	979	5594
444	981	5590
445	983	5586
446	985	5583
447	987	5580
448	989	5577
449	991	5574
450	993	5571
451	995	5568
452	997	5564
453	999	5560
454	1001	5558
455	1003	5555
456	1005	5552
457	1007	5549
458	1009	5546
459	1012	5544
460	1013	5540
461	1015	5536
462	1017	5533
463	1020	5531
464	1022	5530
465	1024	5527
466	1026	5523
467	1028	5520
468	1030	5517
469	1032	5514
470	1034	5512
471	1037	5510
472	1038	5506
473	1040	5502
474	1042	5499
475	1044	5497
476	1047	5495
477	1049	5492
478	1051	5490
479	1053	5487
480	1056	5486
481	1057	5482
482	1059	5479
483	1061	5475
484	1063	5471
485	1065	5467
486	1067	5465
487	1069	5462
488	1072	5460
489	1074	5458
490	1076	5455
491	1078	5452
492	1080	5450
493	1082	5449
494	1084	5446
495	1087	5444
496	1088	5440
497	1091	5437
498	1092	5433
499	1094	5430
500	1097	5428
501	1098	5424
502	1100	5421
503	1102	5418
504	1105	5417
505	1107	5414
506	1109	5412
507	1111	5409
508	1113	5405
509	1115	5402
510	1117	5400
511	1120	5398
512	1122	5396
513	1124	5392
514	1126	5390
515	1128	5387
516	1130	5384
517	1132	5383
518	1134	5380
519	1136	5377
520	1138	5375
521	1140	5371
522	1142	5369
523	1144	5366
524	1146	5362
525	1148	5360
526	1151	5357
527	1152	5354
528	1155	5352
529	1157	5349
530	1159	5347
531	1161	5344
532	1163	5342
533	1165	5338
534	1167	5335
535	1169	5333
536	1171	5330
537	1173	5328
538	1175	5324
539	1177	5321
540	1179	5318
541	1182	5317
542	1184	5315
543	1186	5311
544	1188	5309
545	1190	5305
546	1192	5302
547	1194	5299
548	1196	5296
549	1198	5294
550	1200	5291
551	1202	5289
552	1204	5287
553	1207	5286
554	1209	5283
555	1211	5280
556	1213	5279
557	1215	5277
558	1217	5274
559	1219	5270
560	1221	5267
561	1224	5266
562	1225	5262
563	1227	5259
564	1229	5257
565	1232	5255
566	1234	5252
567	1235	5248
568	1237	5245
569	1240	5243
570	1242	5240
571	1244	5238
572	1246	5235
573	1248	5233
574	1250	5231
575	1252	5228
576	1255	5227
577	1257	5224
578	1259	5221
579	1260	5217
580	1263	5215
581	1264	5211
582	1266	5208
583	1268	5206
584	1270	5203
585	1272	5200
586	1275	5198
587	1277	5195
588	1279	5192
589	1280	5188
590	1283	5187
591	1285	5183
592	1286	5180
593	1288	5177
594	1290	5173
595	1292	5171
596	1294	5169
597	1297	5166
598	1299	5163
599	1301	5162
600	1303	5160
601	1305	5158
602	1308	5156
603	1309	5153
604	1311	5149
605	1313	5146
606	1315	5144
607	1317	5141
608	1319	5138
609	1321	5135
610	1324	5134
611	1326	5132
612	1328	5129
613	1330	5127
614	1332	5124
615	1334	5122
616	1336	5119
617	1338	5117
618	1340	5114
619	1343	5112
620	1345	5110
621	1347	5107
622	1349	5105
623	1351	5102
624	1354	5102
625	1356	5100
626	1358	5098
627	1360	5096
628	1363	5095
629	1365	5093
630	1368	5093
631	1370	5091
632	1372	5089
633	1374	5086
634	1376	5084
635	1379	5082
636	1381	5079
637	1383	5077
638	1385	5075
639	1387	5071
640	1389	5069
641	1391	5067
642	1393	5065
643	1395	5062
644	1397	5060
645	1400	5058
646	1402	5056
647	1404	5055
648	1406	5052
649	1409	5051
650	1411	5049
651	1413	5046
652	1415	5044
653	1417	5042
654	1420	5040
655	1422	5038
656	1424	5036
657	1427	5037
658	1429	5035
659	1431	5032
660	1434	5031
661	1436	5028
662	1438	5026
663	1440	5023
664	1442	5021
665	1444	5019
666	1446	5017
667	1448	5014
668	1450	5011
669	1452	5009
670	1454	5006
671	1456	5004
672	1459	5001
673	1461	4999
674	1463	4996
675	1465	4993
676	1467	4990
677	1469	4990
678	1471	4987
679	1473	4985
680	1476	4983
681	1478	4982
682	1480	4979
683	1482	4976
684	1484	4973
685	1486	4971
686	1488	4969
687	1490	4966
688	1493	4964
689	1495	4962
690	1497	4960
691	1499	4958
692	1501	4956
693	1503	4953
694	1506	4951
695	1508	4949
696	1510	4947
697	1512	4945
698	1514	4943
699	1516	4940
700	1519	4938
701	1521	4935
702	1523	4933
703	1525	4931
704	1527	4929
705	1529	4927
706	1531	4925
707	1534	4923
708	1536	4921
709	1538	4920
710	1540	4917
711	1543	4915
712	1545	4914
713	1547	4912
714	1550	4911
715	1554	4913
716	1556	4913
717	1559	4911
718	1561	4909
719	1563	4908
720	1566	4906
721	1568	4904
722	1570	4901
723	1572	4899
724	1574	4898
725	1577	4896
726	1579	4894
727	1581	4892
728	1583	4890
729	1586	4888
730	1588	4887
731	1590	4885
732	1593	4883
733	1595	4881
734	1597	4879
735	1599	4878
736	1602	4876
737	1604	4874
738	1606	4872
739	1608	4869
740	1610	4867
741	1612	4864
742	1615	4862
743	1617	4860
744	1619	4858
745	1621	4856
746	1623	4853
747	1625	4851
748	1628	4849
749	1630	4849
750	1633	4846
751	1635	4844
752	1637	4842
753	1639	4840
754	1641	4838
755	1643	4835
756	1645	4832
757	1648	4833
758	1650	4830
759	1652	4827
760	1655	4826
761	1657	4823
762	1659	4821
763	1661	4818
764	1663	4816
765	1665	4814
766	1667	4812
767	1669	4809
768	1671	4807
769	1674	4805
770	1676	4802
771	1678	4800
772	1680	4797
773	1682	4795
774	1684	4793
775	1686	4790
776	1688	4788
777	1690	4785
778	1693	4783
779	1694	4780
780	1697	4778
781	1699	4775
782	1701	4773
783	1703	4771
784	1705	4768
785	1707	4765
786	1709	4763
787	1711	4760
788	1713	4758
789	1715	4755
790	1717	4753
791	1719	4750
792	1722	4749
793	1724	4746
794	1726	4743
795	1727	4740
796	1729	4737
797	1731	4734
798	1733	4731
799	1735	4728
800	1737	4726
801	1739	4724
802	1742	4722
803	1743	4719
804	1746	4718
805	1748	4715
806	1750	4713
807	1752	4710
808	1754	4708
809	1756	4705
810	1758	4703
811	1760	4700
812	1762	4698
813	1764	4695
814	1766	4691
815	1767	4688
816	1769	4685
817	1771	4682
818	1773	4680
819	1775	4678
820	1777	4675
821	1780	4673
822	1782	4671
823	1784	4668
824	1786	4666
825	1788	4663
826	1790	4660
827	1792	4657
828	1794	4655
829	1796	4652
830	1798	4650
831	1800	4648
832	1802	4645
833	1804	4642
834	1806	4640
835	1808	4638
836	1811	4636
837	1813	4635
838	1815	4632
839	1817	4630
840	1819	4627
841	1821	4625
842	1823	4622
843	1825	4620
844	1827	4617
845	1829	4615
846	1832	4613
847	1834	4611
848	1836	4609
849	1838	4607
850	1840	4604
851	1842	4602
852	1844	4599
853	1846	4596
854	1848	4593
855	1850	4591
856	1852	4588
857	1854	4586
858	1856	4584
859	1858	4581
860	1860	4578
861	1862	4575
862	1864	4573
863	1866	4570
864	1868	4567
865	1869	4564
866	1871	4562
867	1873	4559
868	1875	4556
869	1877	4553
870	1879	4550
871	1881	4548
872	1883	4545
873	1885	4542
874	1887	4540
875	1889	4538
876	1891	4535
877	1893	4532
878	1895	4529
879	1897	4526
880	1899	4524
881	1900	4521
882	1902	4519
883	1904	4516
884	1907	4514
885	1908	4511
886	1910	4509
887	1913	4507
888	1915	4504
889	1917	4501
890	1919	4499
891	1921	4497
892	1922	4493
893	1924	4491
894	1926	4488
895	1928	4486
896	1930	4483
897	1932	4480
898	1934	4478
899	1936	4475
900	1938	4472
901	1940	4470
902	1942	4467
903	1944	4465
904	1946	4462
905	1948	4459
906	1950	4457
907	1952	4455
908	1954	4452
909	1956	4450
910	1958	4448
911	1960	4446
912	1962	4444
913	1964	4441
914	1966	4438
915	1968	4436
916	1970	4433
917	1972	4431
918	1974	4428
919	1976	4425
920	1979	4424
921	1980	4421
922	1982	4419
923	1985	4417
924	1987	4414
925	1989	4412
926	1991	4410
927	1993	4408
928	1995	4405
929	1997	4402
930	1999	4400
931	2001	4397
932	2003	4396
933	2005	4393
934	2007	4391
935	2009	4389
936	2011	4386
937	2013	4384
938	2015	4381
939	2018	4379
940	2020	4377
941	2022	4374
942	2024	4372
943	2026	4370
944	2028	4368
945	2030	4366
946	2032	4364
947	2035	4362
948	2037	4359
949	2039	4358
950	2041	4355
951	2043	4353
952	2045	4351
953	2047	4348
954	2050	4346
955	2052	4344
956	2054	4342
957	2056	4340
958	2058	4338
959	2060	4335
960	2062	4333
961	2064	4330
962	2066	4328
963	2068	4326
964	2070	4323
965	2072	4321
966	2075	4319
967	2077	4317
968	2079	4315
969	2081	4312
970	2083	4310
971	2085	4307
972	2087	4305
973	2089	4302
974	2091	4300
975	2093	4298
976	2095	4296
977	2097	4293
978	2099	4291
979	2101	4289
980	2103	4286
981	2105	4283
982	2107	4281
983	2109	4279
984	2112	4277
985	2114	4275
986	2116	4273
987	2118	4270
988	2120	4268
989	2122	4266
990	2124	4263
991	2126	4262
992	2128	4260
993	2130	4257
994	2132	4255
995	2134	4252
996	2136	4250
997	2138	4247
998	2141	4245
999	2143	4243
1000	2145	4241
1001	2147	4239
1002	2149	4237
1003	2151	4234
1004	2153	4232
1005	2155	4229
1006	2157	4227
1007	2160	4225
1008	2162	4223
1009	2163	4220
1010	2165	4218
1011	2168	4216
1012	2169	4213
1013	2172	4211
1014	2174	4209
1015	2176	4206
1016	2178	4204
1017	2180	4201
1018	2181	4198
1019	2183	4196
1020	2186	4194
1021	2188	4192
1022	2190	4190
1023	2192	4188
1024	2195	4186
1025	2197	4184
1026	2199	4182
1027	2201	4179
1028	2203	4177
1029	2205	4174
1030	2207	4172
1031	2209	4170
1032	2211	4168
1033	2213	4165
1034	2215	4163
1035	2217	4161
1036	2219	4159
1037	2221	4156
1038	2224	4155
1039	2226	4153
1040	2228	4150
1041	2230	4148
1042	2232	4145
1043	2234	4143
1044	2236	4141
1045	2238	4139
1046	2241	4137
1047	2243	4135
1048	2245	4133
1049	2247	4130
1050	2249	4128
1051	2251	4126
1052	2253	4124
1053	2255	4122
1054	2258	4120
1055	2260	4118
1056	2262	4116
1057	2264	4114
1058	2267	4112
1059	2269	4110
1060	2271	4108
1061	2273	4105
1062	2275	4103
1063	2277	4100
1064	2279	4098
1065	2281	4096
1066	2283	4093
1067	2285	4091
1068	2287	4088
1069	2289	4086
1070	2291	4084
1071	2293	4081
1072	2295	4079
1073	2297	4077
1074	2299	4075
1075	2301	4073
1076	2304	4071
1077	2306	4069
1078	2308	4067
1079	2310	4065
1080	2312	4063
1081	2314	4060
1082	2316	4058
1083	2319	4056
1084	2321	4054
1085	2323	4051
1086	2325	4049
1087	2327	4048
1088	2330	4046
1089	2332	4043
1090	2334	4041
1091	2336	4039
1092	2338	4037
1093	2340	4035
1094	2343	4033
1095	2345	4031
1096	2347	4029
1097	2349	4026
1098	2351	4025
1099	2353	4023
1100	2356	4021
1101	2358	4018
1102	2360	4016
1103	2362	4014
1104	2364	4012
1105	2366	4010
1106	2368	4007
1107	2370	4005
1108	2373	4003
1109	2375	4001
1110	2376	3998
1111	2379	3996
1112	2381	3994
1113	2383	3991
1114	2385	3989
1115	2387	3987
1116	2389	3985
1117	2391	3983
1118	2393	3980
1119	2395	3978
1120	2397	3976
1121	2399	3974
1122	2401	3971
1123	2404	3970
1124	2406	3967
1125	2408	3965
1126	2410	3964
1127	2413	3962
1128	2415	3960
1129	2417	3957
1130	2419	3956
1131	2422	3953
1132	2424	3951
1133	2426	3949
1134	2428	3947
1135	2430	3945
1136	2432	3942
1137	2434	3940
1138	2436	3938
1139	2438	3936
1140	2440	3934
1141	2443	3932
1142	2445	3930
1143	2447	3927
1144	2449	3926
1145	2451	3924
1146	2454	3921
1147	2456	3919
1148	2458	3917
1149	2460	3914
1150	2462	3912
1151	2464	3910
1152	2466	3907
1153	2468	3905
1154	2470	3903
1155	2472	3901
1156	2474	3899
1157	2476	3897
1158	2479	3894
1159	2481	3892
1160	2483	3890
1161	2485	3888
1162	2487	3885
1163	2489	3883
1164	2491	3881
1165	2493	3879
1166	2495	3877
1167	2497	3874
1168	2500	3873
1169	2502	3871
1170	2504	3868
1171	2506	3866
1172	2508	3864
1173	2510	3861
1174	2512	3859
1175	2514	3857
1176	2516	3855
1177	2518	3852
1178	2520	3850
1179	2522	3848
1180	2524	3846
1181	2527	3843
1182	2528	3841
1183	2531	3839
1184	2533	3837
1185	2535	3834
1186	2537	3832
1187	2539	3829
1188	2541	3827
1189	2543	3825
1190	2545	3823
1191	2547	3821
1192	2549	3819
1193	2551	3816
1194	2553	3814
1195	2555	3812
1196	2557	3810
1197	2560	3808
1198	2562	3806
1199	2564	3803
1200	2566	3801
1201	2568	3798
1202	2570	3796
1203	2572	3794
1204	2574	3792
1205	2576	3789
1206	2578	3787
1207	2580	3785
1208	2582	3783
1209	2584	3780
1210	2586	3778
1211	2588	3776
1212	2590	3773
1213	2592	3771
1214	2595	3769
1215	2596	3767
1216	2599	3765
1217	2601	3762
1218	2603	3760
1219	2605	3758
1220	2607	3756
1221	2609	3754
1222	2611	3752
1223	2614	3750
1224	2616	3747
1225	2618	3745
1226	2620	3743
1227	2622	3741
1228	2624	3739
1229	2626	3736
1230	2628	3734
1231	2630	3732
1232	2632	3730
1233	2635	3728
1234	2637	3726
1235	2639	3724
1236	2641	3722
1237	2643	3720
1238	2645	3717
1239	2648	3716
1240	2650	3713
1241	2652	3711
1242	2654	3709
1243	2656	3706
1244	2658	3704
1245	2660	3702
1246	2662	3700
1247	2664	3698
1248	2666	3696
1249	2668	3693
1250	2670	3691
1251	2672	3688
1252	2674	3686
1253	2677	3684
1254	2679	3682
1255	2681	3680
1256	2683	3677
1257	2685	3675
1258	2687	3673
1259	2689	3671
1260	2691	3669
1261	2693	3667
1262	2696	3665
1263	2698	3662
1264	2700	3660
1265	2702	3658
1266	2704	3656
1267	2706	3654
1268	2708	3652
1269	2711	3650
1270	2713	3648
1271	2715	3645
1272	2717	3644
1273	2719	3641
1274	2721	3639
1275	2723	3637
1276	2725	3635
1277	2728	3633
1278	2730	3631
1279	2732	3629
1280	2734	3626
1281	2736	3624
1282	2738	3622
1283	2740	3620
1284	2743	3618
1285	2745	3616
1286	2747	3614
1287	2749	3612
1288	2751	3609
1289	2753	3607
1290	2755	3605
1291	2757	3603
1292	2759	3600
1293	2761	3598
1294	2764	3596
1295	2766	3594
1296	2768	3591
1297	2770	3589
1298	2772	3587
1299	2774	3585
1300	2776	3583
1301	2778	3580
1302	2780	3578
1303	2783	3577
1304	2784	3574
1305	2787	3572
1306	2789	3570
1307	2791	3568
1308	2793	3565
1309	2795	3563
1310	2797	3561
1311	2799	3559
1312	2801	3557
1313	2804	3555
1314	2806	3553
1315	2808	3551
1316	2810	3549
1317	2812	3546
1318	2815	3545
1319	2817	3543
1320	2819	3540
1321	2821	3538
1322	2823	3536
1323	2826	3534
1324	2828	3532
1325	2830	3530
1326	2832	3528
1327	2834	3526
1328	2836	3524
1329	2838	3521
1330	2840	3519
1331	2843	3517
1332	2845	3515
1333	2847	3513
1334	2849	3511
1335	2851	3509
1336	2853	3506
1337	2855	3504
1338	2857	3502
1339	2860	3500
1340	2862	3498
1341	2864	3495
1342	2866	3493
1343	2868	3491
1344	2870	3489
1345	2872	3486
1346	2873	3484
1347	2876	3482
1348	2878	3479
1349	2880	3477
1350	2882	3475
1351	2884	3473
1352	2886	3470
1353	2888	3468
1354	2890	3465
1355	2892	3463
1356	2894	3461
1357	2896	3459
1358	2898	3457
1359	2900	3454
1360	2902	3452
1361	2904	3450
1362	2906	3448
1363	2908	3446
1364	2911	3444
1365	2913	3442
1366	2915	3439
1367	2917	3437
1368	2919	3435
1369	2921	3433
1370	2923	3430
1371	2925	3428
1372	2927	3426
1373	2929	3424
1374	2931	3421
1375	2933	3419
1376	2935	3417
1377	2937	3415
1378	2939	3413
1379	2942	3411
1380	2944	3408
1381	2946	3406
1382	2948	3404
1383	2950	3402
1384	2952	3400
1385	2954	3398
1386	2956	3396
1387	2959	3393
1388	2961	3391
1389	2963	3389
1390	2965	3387
1391	2967	3385
1392	2969	3382
1393	2971	3380
1394	2973	3378
1395	2975	3376
1396	2977	3373
1397	2979	3372
1398	2982	3369
1399	2984	3367
1400	2986	3365
1401	2988	3363
1402	2990	3361
1403	2992	3359
1404	2994	3356
1405	2996	3354
1406	2998	3352
1407	3000	3350
1408	3002	3348
1409	3005	3346
1410	3007	3343
1411	3008	3341
1412	3011	3339
1413	3013	3337
1414	3015	3335
1415	3017	3333
1416	3020	3331
1417	3022	3329
1418	3024	3326
1419	3026	3324
1420	3028	3322
1421	3030	3320
1422	3032	3318
1423	3034	3315
1424	3036	3313
1425	3038	3311
1426	3040	3309
1427	3042	3306
1428	3045	3305
1429	3047	3302
1430	3049	3300
1431	3051	3298
1432	3053	3296
1433	3055	3294
1434	3057	3292
1435	3059	3289
1436	3061	3287
1437	3063	3285
1438	3065	3282
1439	3067	3280
1440	3069	3278
1441	3071	3276
1442	3073	3274
1443	3075	3271
1444	3078	3270
1445	3080	3267
1446	3082	3265
1447	3084	3263
1448	3086	3261
1449	3088	3259
1450	3090	3256
1451	3092	3254
1452	3094	3252
1453	3097	3250
1454	3098	3247
1455	3100	3245
1456	3103	3243
1457	3105	3241
1458	3107	3239
1459	3109	3237
1460	3111	3235
1461	3113	3233
1462	3115	3230
1463	3117	3228
1464	3120	3226
1465	3122	3224
1466	3124	3222
1467	3126	3220
1468	3128	3218
1469	3130	3215
1470	3132	3213
1471	3135	3211
1472	3137	3210
1473	3140	3208
1474	3142	3206
1475	3144	3204
1476	3146	3201
1477	3148	3199
1478	3150	3197
1479	3153	3196
1480	3155	3193
1481	3158	3192
1482	3160	3190
1483	3163	3188
1484	3165	3186
1485	3167	3184
1486	3170	3182
1487	3172	3180
1488	3174	3179
1489	3177	3177
1490	3180	3175
1491	3182	3173
1492	3184	3171
1493	3196	3179
1494	3199	3177
1495	3201	3175
1496	3203	3173
1497	3206	3171
1498	3208	3170
1499	3211	3168
1500	3213	3166
1501	3215	3164
1502	3217	3161
1503	3219	3159
1504	3221	3157
1505	3223	3154
1506	3225	3152
1507	3227	3150
1508	3229	3147
1509	3231	3145
1510	3233	3143
1511	3235	3141
1512	3237	3139
1513	3239	3137
1514	3242	3135
1515	3244	3133
1516	3246	3130
1517	3248	3128
1518	3250	3126
1519	3252	3124
1520	3254	3122
1521	3256	3119
1522	3258	3117
1523	3260	3115
1524	3263	3113
1525	3265	3111
1526	3267	3109
1527	3269	3107
1528	3271	3105
1529	3274	3102
1530	3276	3100
1531	3278	3098
1532	3280	3096
1533	3282	3094
1534	3284	3091
1535	3286	3089
1536	3289	3087
1537	3291	3085
1538	3293	3083
1539	3295	3081
1540	3298	3079
1541	3300	3077
1542	3302	3075
1543	3304	3073
1544	3307	3071
1545	3309	3069
1546	3311	3067
1547	3313	3064
1548	3315	3062
1549	3317	3060
1550	3319	3058
1551	3321	3056
1552	3324	3054
1553	3326	3052
1554	3328	3050
1555	3331	3048
1556	3333	3046
1557	3335	3044
1558	3337	3042
1559	3340	3040
1560	3342	3038
1561	3345	3036
1562	3347	3034
1563	3349	3032
1564	3351	3030
1565	3353	3028
1566	3355	3026
1567	3357	3023
1568	3359	3021
1569	3361	3019
1570	3364	3017
1571	3366	3015
1572	3368	3013
1573	3371	3011
1574	3373	3009
1575	3375	3007
1576	3377	3004
1577	3379	3002
1578	3381	3000
1579	3383	2998
1580	3385	2996
1581	3388	2994
1582	3390	2992
1583	3392	2990
1584	3395	2988
1585	3397	2985
1586	3399	2983
1587	3401	2981
1588	3403	2979
1589	3406	2977
1590	3408	2975
1591	3410	2973
1592	3412	2971
1593	3414	2968
1594	3416	2966
1595	3418	2964
1596	3421	2962
1597	3423	2960
1598	3425	2958
1599	3427	2956
1600	3429	2954
1601	3431	2952
1602	3434	2949
1603	3435	2947
1604	3438	2945
1605	3440	2943
1606	3442	2941
1607	3444	2939
1608	3447	2937
1609	3449	2935
1610	3451	2933
1611	3453	2931
1612	3456	2929
1613	3458	2926
1614	3460	2924
1615	3462	2922
1616	3465	2920
1617	3467	2918
1618	3469	2916
1619	3471	2914
1620	3473	2912
1621	3475	2910
1622	3478	2908
1623	3480	2906
1624	3482	2903
1625	3484	2901
1626	3486	2899
1627	3488	2897
1628	3490	2895
1629	3493	2893
1630	3495	2890
1631	3497	2888
1632	3498	2886
1633	3500	2883
1634	3503	2881
1635	3505	2879
1636	3507	2877
1637	3510	2875
1638	3512	2873
1639	3514	2871
1640	3516	2869
1641	3518	2867
1642	3520	2865
1643	3523	2863
1644	3525	2861
1645	3527	2858
1646	3529	2856
1647	3531	2854
1648	3533	2852
1649	3536	2850
1650	3538	2848
1651	3540	2846
1652	3542	2844
1653	3545	2842
1654	3547	2839
1655	3549	2837
1656	3551	2835
1657	3554	2833
1658	3556	2831
1659	3558	2829
1660	3561	2827
1661	3563	2825
1662	3565	2823
1663	3567	2821
1664	3569	2819
1665	3571	2816
1666	3573	2814
1667	3575	2812
1668	3577	2810
1669	3580	2808
1670	3582	2806
1671	3584	2804
1672	3587	2802
1673	3589	2800
1674	3591	2798
1675	3594	2796
1676	3596	2794
1677	3598	2792
1678	3601	2790
1679	3603	2788
1680	3605	2786
1681	3607	2783
1682	3609	2781
1683	3611	2779
1684	3613	2777
1685	3616	2775
1686	3618	2773
1687	3620	2771
1688	3622	2769
1689	3625	2767
1690	3627	2764
1691	3629	2762
1692	3631	2760
1693	3633	2758
1694	3635	2756
1695	3638	2754
1696	3640	2752
1697	3642	2750
1698	3644	2748
1699	3647	2746
1700	3649	2743
1701	3651	2741
1702	3654	2740
1703	3656	2737
1704	3658	2735
1705	3660	2733
1706	3662	2731
1707	3664	2729
1708	3666	2726
1709	3668	2724
1710	3671	2722
1711	3673	2720
1712	3675	2718
1713	3678	2716
1714	3680	2714
1715	3682	2712
1716	3684	2710
1717	3686	2708
1718	3688	2706
1719	3690	2703
1720	3693	2701
1721	3695	2699
1722	3697	2697
1723	3700	2695
1724	3702	2693
1725	3704	2691
1726	3706	2689
1727	3708	2687
1728	3710	2684
1729	3712	2682
1730	3714	2680
1731	3716	2677
1732	3718	2675
1733	3720	2673
1734	3723	2671
1735	3725	2669
1736	3727	2667
1737	3729	2665
1738	3732	2663
1739	3734	2661
1740	3736	2659
1741	3739	2657
1742	3741	2655
1743	3743	2653
1744	3745	2650
1745	3747	2648
1746	3749	2646
1747	3751	2644
1748	3753	2642
1749	3755	2639
1750	3758	2637
1751	3760	2635
1752	3762	2633
1753	3765	2631
1754	3767	2629
1755	3769	2627
1756	3771	2625
1757	3773	2623
1758	3775	2620
1759	3777	2618
1760	3780	2616
1761	3782	2614
1762	3784	2612
1763	3786	2610
1764	3789	2608
1765	3791	2606
1766	3793	2604
1767	3796	2602
1768	3798	2600
1769	3800	2598
1770	3803	2596
1771	3805	2594
1772	3807	2591
1773	3809	2589
1774	3811	2587
1775	3813	2585
1776	3816	2583
1777	3818	2581
1778	3820	2579
1779	3822	2577
1780	3824	2574
1781	3826	2572
1782	3828	2570
1783	3831	2568
1784	3833	2566
1785	3835	2563
1786	3837	2561
1787	3839	2559
1788	3841	2557
1789	3843	2555
1790	3846	2553
1791	3848	2551
1792	3850	2549
1793	3852	2546
1794	3854	2544
1795	3856	2542
1796	3859	2540
1797	3861	2538
1798	3863	2536
1799	3865	2534
1800	3867	2532
1801	3870	2529
1802	3872	2527
1803	3874	2525
1804	3876	2523
1805	3878	2521
1806	3881	2519
1807	3883	2517
1808	3885	2515
1809	3888	2513
1810	3890	2511
1811	3892	2509
1812	3894	2506
1813	3896	2504
1814	3898	2502
1815	3900	2500
1816	3902	2497
1817	3904	2495
1818	3906	2493
1819	3908	2491
1820	3911	2489
1821	3913	2487
1822	3915	2485
1823	3917	2482
1824	3919	2480
1825	3921	2478
1826	3923	2476
1827	3926	2474
1828	3928	2472
1829	3930	2469
1830	3932	2467
1831	3934	2465
1832	3936	2463
1833	3939	2461
1834	3941	2459
1835	3942	2456
1836	3945	2454
1837	3947	2452
1838	3950	2450
1839	3952	2448
1840	3954	2446
1841	3956	2444
1842	3958	2442
1843	3960	2440
1844	3963	2437
1845	3965	2435
1846	3967	2433
1847	3969	2431
1848	3971	2429
1849	3973	2427
1850	3976	2425
1851	3978	2423
1852	3980	2420
1853	3982	2418
1854	3984	2416
1855	3986	2414
1856	3989	2412
1857	3991	2410
1858	3993	2408
1859	3995	2406
1860	3997	2403
1861	3999	2401
1862	4001	2399
1863	4003	2397
1864	4006	2395
1865	4008	2392
1866	4010	2390
1867	4012	2388
1868	4015	2386
1869	4017	2384
1870	4019	2382
1871	4021	2380
1872	4023	2378
1873	4025	2375
1874	4028	2373
1875	4030	2371
1876	4032	2369
1877	4034	2367
1878	4036	2365
1879	4038	2363
1880	4040	2360
1881	4043	2358
1882	4045	2356
1883	4047	2354
1884	4049	2352
1885	4051	2350
1886	4053	2347
1887	4055	2345
1888	4057	2343
1889	4059	2341
1890	4062	2339
1891	4064	2337
1892	4066	2335
1893	4068	2332
1894	4070	2330
1895	4072	2328
1896	4074	2326
1897	4077	2324
1898	4079	2322
1899	4081	2320
1900	4083	2317
1901	4085	2315
1902	4087	2313
1903	4089	2311
1904	4091	2309
1905	4094	2306
1906	4096	2304
1907	4097	2302
1908	4099	2300
1909	4102	2298
1910	4104	2295
1911	4106	2293
1912	4108	2291
1913	4110	2289
1914	4112	2287
1915	4115	2285
1916	4117	2283
1917	4119	2280
1918	4121	2278
1919	4123	2276
1920	4125	2274
1921	4127	2272
1922	4129	2270
1923	4132	2267
1924	4134	2265
1925	4136	2263
1926	4137	2261
1927	4140	2259
1928	4142	2256
1929	4144	2254
1930	4147	2252
1931	4149	2250
1932	4151	2248
1933	4153	2246
1934	4155	2244
1935	4157	2242
1936	4159	2239
1937	4162	2237
1938	4163	2235
1939	4165	2233
1940	4167	2231
1941	4169	2228
1942	4171	2226
1943	4174	2224
1944	4176	2222
1945	4178	2220
1946	4180	2218
1947	4182	2215
1948	4185	2213
1949	4187	2211
1950	4189	2209
1951	4191	2207
1952	4194	2205
1953	4196	2203
1954	4198	2201
1955	4200	2199
1956	4202	2196
1957	4204	2194
1958	4206	2192
1959	4208	2190
1960	4210	2188
1961	4213	2185
1962	4215	2183
1963	4217	2181
1964	4219	2179
1965	4221	2177
1966	4224	2175
1967	4226	2173
1968	4228	2171
1969	4230	2169
1970	4232	2166
1971	4234	2164
1972	4236	2162
1973	4239	2160
1974	4241	2158
1975	4243	2155
1976	4245	2153
1977	4247	2151
1978	4249	2149
1979	4252	2147
1980	4254	2145
1981	4256	2143
1982	4258	2140
1983	4260	2138
1984	4262	2136
1985	4264	2134
1986	4266	2132
1987	4268	2130
1988	4271	2128
1989	4273	2125
1990	4275	2123
1991	4278	2121
1992	4280	2119
1993	4282	2117
1994	4284	2115
1995	4286	2113
1996	4289	2111
1997	4291	2109
1998	4293	2107
1999	4295	2104
2000	4297	2102
2001	4300	2100
2002	4301	2098
2003	4304	2096
2004	4306	2094
2005	4308	2091
2006	4310	2089
2007	4312	2087
2008	4314	2085
2009	4316	2083
2010	4319	2081
2011	4321	2079
2012	4323	2077
2013	4326	2074
2014	4328	2072
2015	4330	2070
2016	4332	2068
2017	4334	2066
2018	4336	2064
2019	4339	2062
2020	4341	2060
2021	4343	2057
2022	4345	2055
2023	4347	2053
2024	4350	2051
2025	4352	2049
2026	4354	2047
2027	4356	2045
2028	4358	2042
2029	4360	2040
2030	4363	2038
2031	4365	2036
2032	4367	2034
2033	4369	2032
2034	4371	2030
2035	4374	2028
2036	4376	2025
2037	4378	2023
2038	4380	2021
2039	4382	2019
2040	4384	2017
2041	4386	2015
2042	4389	2013
2043	4391	2011
2044	4394	2009
2045	4396	2006
2046	4398	2004
2047	4400	2002
2048	4403	2000
2049	4405	1998
2050	4407	1996
2051	4409	1994
2052	4411	1992
2053	4413	1989
2054	4415	1987
2055	4418	1985
2056	4420	1983
2057	4422	1981
2058	4425	1979
2059	4427	1977
2060	4429	1975
2061	4431	1973
2062	4433	1970
2063	4435	1968
2064	4438	1966
2065	4440	1964
2066	4442	1962
2067	4445	1960
2068	4447	1958
2069	4449	1956
2070	4451	1954
2071	4454	1951
2072	4456	1949
2073	4457	1947
2074	4460	1945
2075	4462	1943
2076	4464	1941
2077	4466	1938
2078	4469	1936
2079	4471	1934
2080	4473	1932
2081	4475	1930
2082	4478	1928
2083	4480	1926
2084	4482	1924
2085	4484	1922
2086	4487	1919
2087	4489	1917
2088	4491	1915
2089	4493	1913
2090	4495	1911
2091	4498	1909
2092	4500	1907
2093	4502	1905
2094	4504	1902
2095	4506	1900
2096	4508	1898
2097	4510	1896
2098	4512	1894
2099	4514	1891
2100	4517	1889
2101	4519	1887
2102	4521	1885
2103	4524	1883
2104	4526	1881
2105	4528	1879
2106	4530	1877
2107	4532	1875
2108	4534	1872
2109	4537	1870
2110	4539	1868
2111	4541	1866
2112	4543	1864
2113	4546	1862
2114	4548	1860
2115	4550	1858
2116	4552	1855
2117	4555	1853
2118	4557	1851
2119	4559	1849
2120	4561	1847
2121	4563	1845
2122	4565	1842
2123	4567	1840
2124	4570	1838
2125	4572	1836
2126	4574	1834
2127	4577	1832
2128	4579	1830
2129	4581	1828
2130	4583	1826
2131	4585	1824
2132	4587	1821
2133	4590	1819
2134	4592	1817
2135	4594	1815
2136	4597	1813
2137	4599	1811
2138	4601	1809
2139	4603	1806
2140	4605	1804
2141	4608	1802
2142	4610	1800
2143	4612	1798
2144	4614	1796
2145	4616	1794
2146	4619	1792
2147	4621	1789
2148	4623	1787
2149	4625	1785
2150	4627	1783
2151	4629	1781
2152	4631	1779
2153	4633	1776
2154	4636	1774
2155	4638	1772
2156	4640	1770
2157	4643	1768
2158	4645	1766
2159	4647	1764
2160	4649	1762
2161	4652	1760
2162	4653	1757
2163	4656	1755
2164	4658	1753
2165	4660	1751
2166	4662	1749
2167	4664	1747
2168	4667	1745
2169	4669	1743
2170	4671	1740
2171	4673	1738
2172	4675	1736
2173	4678	1734
2174	4680	1732
2175	4682	1730
2176	4684	1727
2177	4686	1725
2178	4689	1723
2179	4691	1721
2180	4693	1719
2181	4696	1717
2182	4698	1715
2183	4700	1713
2184	4702	1711
2185	4704	1708
2186	4707	1706
2187	4709	1704
2188	4711	1702
2189	4713	1700
2190	4716	1698
2191	4718	1696
2192	4720	1694
2193	4723	1692
2194	4725	1689
2195	4727	1687
2196	4729	1685
2197	4731	1683
2198	4733	1681
2199	4735	1678
2200	4737	1676
2201	4740	1674
2202	4742	1672
2203	4744	1670
2204	4747	1668
2205	4749	1666
2206	4751	1664
2207	4753	1662
2208	4755	1659
2209	4758	1657
2210	4760	1655
2211	4762	1653
2212	4764	1651
2213	4766	1649
2214	4769	1647
2215	4771	1645
2216	4773	1642
2217	4776	1640
2218	4778	1638
2219	4780	1636
2220	4783	1634
2221	4785	1632
2222	4788	1630
2223	4790	1628
2224	4793	1626
2225	4795	1624
2226	4798	1622
2227	4800	1620
2228	4802	1618
2229	4805	1616
2230	4807	1613
2231	4809	1611
2232	4811	1609
2233	4814	1607
2234	4816	1605
2235	4818	1603
2236	4821	1601
2237	4823	1599
2238	4825	1597
2239	4827	1594
2240	4830	1592
2241	4832	1590
2242	4835	1588
2243	4837	1586
2244	4840	1584
2245	4842	1582
2246	4844	1580
2247	4846	1578
2248	4848	1576
2249	4851	1573
2250	4853	1571
2251	4856	1569
2252	4858	1567
2253	4860	1565
2254	4862	1563
2255	4864	1561
2256	4867	1559
2257	4869	1557
2258	4872	1554
2259	4874	1552
2260	4876	1550
2261	4879	1548
2262	4881	1546
2263	4883	1544
2264	4885	1542
2265	4887	1540
2266	4890	1537
2267	4892	1535
2268	4894	1533
2269	4897	1531
2270	4899	1529
2271	4901	1527
2272	4903	1525
2273	4905	1522
2274	4907	1520
2275	4909	1518
2276	4911	1516
2277	4913	1514
2278	4915	1512
2279	4918	1509
2280	4920	1507
2281	4922	1505
2282	4924	1503
2283	4927	1501
2284	4929	1499
2285	4931	1497
2286	4933	1494
2287	4935	1492
2288	4937	1490
2289	4939	1488
2290	4941	1486
2291	4943	1483
2292	4945	1481
2293	4948	1479
2294	4950	1477
2295	4952	1475
2296	4954	1473
2297	4956	1471
2298	4959	1468
2299	4961	1466
2300	4963	1464
2301	4965	1462
2302	4967	1460
2303	4969	1458
2304	4971	1455
2305	4973	1453
2306	4975	1451
2307	4977	1449
2308	4979	1447
2309	4981	1444
2310	4983	1442
2311	4986	1440
2312	4988	1438
2313	4990	1436
2314	4992	1434
2315	4995	1432
2316	4997	1429
2317	4999	1427
2318	5001	1425
2319	5003	1423
2320	5006	1421
2321	5008	1419
2322	5010	1417
2323	5012	1414
2324	5014	1412
2325	5017	1410
2326	5019	1408
2327	5022	1406
2328	5024	1404
2329	5026	1402
2330	5028	1400
2331	5030	1397
2332	5033	1395
2333	5035	1393
2334	5037	1391
2335	5040	1389
2336	5042	1387
2337	5044	1385
2338	5046	1383
2339	5048	1380
2340	5050	1378
2341	5052	1376
2342	5054	1374
2343	5056	1372
2344	5059	1370
2345	5061	1367
2346	5063	1365
2347	5066	1363
2348	5068	1361
2349	5070	1359
2350	5072	1357
2351	5074	1354
2352	5076	1352
2353	5078	1350
2354	5081	1348
2355	5083	1346
2356	5085	1344
2357	5087	1341
2358	5089	1339
2359	5091	1337
2360	5094	1335
2361	5096	1333
2362	5098	1331
2363	5100	1329
2364	5103	1327
2365	5105	1324
2366	5107	1322
2367	5110	1320
2368	5112	1318
2369	5114	1316
2370	5116	1314
2371	5118	1311
2372	5120	1309
2373	5122	1307
2374	5124	1305
2375	5126	1303
2376	5129	1301
2377	5131	1299
2378	5133	1296
2379	5135	1294
2380	5138	1292
2381	5140	1290
2382	5142	1288
2383	5144	1286
2384	5146	1283
2385	5148	1281
2386	5150	1279
2387	5152	1277
2388	5155	1275
2389	5157	1273
2390	5159	1270
2391	5161	1268
2392	5163	1266
2393	5165	1264
2394	5167	1262
2395	5169	1259
2396	5171	1257
2397	5173	1255
2398	5175	1253
2399	5177	1251
2400	5179	1249
2401	5181	1246
2402	5184	1244
2403	5186	1242
2404	5188	1240
2405	5190	1238
2406	5192	1236
2407	5194	1233
2408	5196	1231
2409	5198	1229
2410	5201	1227
2411	5203	1225
2412	5205	1223
2413	5207	1220
2414	5209	1218
2415	5211	1216
2416	5213	1214
2417	5215	1212
2418	5217	1210
2419	5220	1207
2420	5222	1205
2421	5224	1203
2422	5226	1201
2423	5228	1199
2424	5230	1197
2425	5232	1195
2426	5235	1192
2427	5237	1190
2428	5239	1188
2429	5241	1186
2430	5243	1184
2431	5245	1181
2432	5247	1179
2433	5249	1177
2434	5251	1175
2435	5253	1173
2436	5255	1171
2437	5257	1168
2438	5259	1166
2439	5262	1164
2440	5264	1162
2441	5266	1160
2442	5268	1158
2443	5271	1156
2444	5272	1153
2445	5274	1151
2446	5276	1149
2447	5279	1147
2448	5281	1145
2449	5283	1142
2450	5285	1140
2451	5287	1138
2452	5289	1136
2453	5291	1134
2454	5293	1132
2455	5296	1129
2456	5298	1127
2457	5300	1125
2458	5302	1123
2459	5304	1121
2460	5306	1119
2461	5309	1117
2462	5311	1114
2463	5314	1112
2464	5316	1110
2465	5318	1108
2466	5320	1106
2467	5322	1104
2468	5324	1101
2469	5326	1099
2470	5328	1097
2471	5330	1095
2472	5332	1093
2473	5334	1091
2474	5337	1088
2475	5339	1086
2476	5341	1084
2477	5343	1082
2478	5345	1080
2479	5348	1078
2480	5350	1076
2481	5352	1073
2482	5354	1071
2483	5357	1069
2484	5359	1067
2485	5361	1065
2486	5363	1063
2487	5365	1061
2488	5367	1058
2489	5369	1056
2490	5371	1054
2491	5373	1052
2492	5376	1050
2493	5378	1048
2494	5380	1045
2495	5382	1043
2496	5384	1041
2497	5386	1039
2498	5389	1037
2499	5391	1035
2500	5393	1033
2501	5395	1030
2502	5398	1028
2503	5400	1026
2504	5402	1024
2505	5404	1022
2506	5406	1020
2507	5408	1017
2508	5410	1015
2509	5412	1013
2510	5414	1011
2511	5416	1009
2512	5418	1006
2513	5420	1004
2514	5423	1002
2515	5425	1000
2516	5427	998
2517	5429	996
2518	5432	994
2519	5434	991
2520	5436	989
2521	5438	987
2522	5440	985
2523	5442	983
2524	5444	981
2525	5447	979
2526	5449	976
2527	5451	974
2528	5453	972
2529	5455	970
2530	5458	968
2531	5460	966
2532	5462	963
2533	5464	961
2534	5466	959
2535	5469	957
2536	5471	955
2537	5473	953
2538	5475	951
2539	5477	948
2540	5480	946
2541	5482	944
2542	5484	942
2543	5486	940
2544	5488	938
2545	5490	936
2546	5492	933
2547	5495	931
2548	5497	929
2549	5499	927
2550	5502	925
2551	5504	923
2552	5506	920
2553	5508	918
2554	5510	916
2555	5512	914
2556	5514	912
2557	5517	910
2558	5519	908
2559	5521	905
2560	5523	903
2561	5526	901
2562	5528	899
2563	5530	897
2564	5533	895
2565	5535	893
2566	5537	890
2567	5539	888
2568	5541	886
2569	5544	884
2570	5546	882
2571	5548	880
2572	5551	878
2573	5553	875
2574	5555	873
2575	5557	871
2576	5559	869
2577	5562	867
2578	5564	865
2579	5566	863
2580	5568	860
2581	5571	858
2582	5573	856
2583	5575	854
2584	5577	852
2585	5579	850
2586	5581	847
2587	5584	845
2588	5586	843
2589	5588	841
2590	5590	839
2591	5592	837
2592	5595	835
2593	5597	832
2594	5599	830
2595	5601	828
2596	5603	826
2597	5605	824
2598	5607	822
2599	5609	819
2600	5611	817
2601	5614	815
2602	5616	813
2603	5618	811
2604	5620	809
2605	5623	806
2606	5625	804
2607	5627	802
2608	5629	800
2609	5631	798
2610	5633	796
2611	5635	794
2612	5638	791
2613	5640	789
2614	5642	787
2615	5645	785
2616	5647	783
2617	5649	781
2618	5651	779
2619	5654	776
2620	5656	774
2621	5658	772
2622	5660	770
2623	5662	768
2624	5664	766
2625	5666	763
2626	5668	761
2627	5670	759
2628	5673	757
2629	5675	755
2630	5677	753
2631	5679	750
2632	5682	748
2633	5684	746
2634	5686	744
2635	5688	742
2636	5690	740
2637	5693	738
2638	5695	735
2639	5697	733
2640	5700	731
2641	5702	729
2642	5704	727
2643	5706	725
2644	5708	722
2645	5710	720
2646	5713	718
2647	5715	716
2648	5717	714
2649	5719	712
2650	5721	710
2651	5723	707
2652	5726	705
2653	5728	703
2654	5730	701
2655	5732	699
2656	5734	697
2657	5736	694
2658	5738	692
2659	5741	690
2660	5743	688
2661	5745	686
2662	5748	684
2663	5750	682
2664	5752	679
2665	5754	677
2666	5756	675
2667	5758	673
2668	5760	671
2669	5762	669
2670	5765	666
2671	5767	664
2672	5769	662
2673	5771	660
2674	5773	658
2675	5775	656
2676	5778	654
2677	5780	651
2678	5782	649
2679	5784	647
2680	5787	645
2681	5789	643
2682	5791	641
2683	5793	638
2684	5795	636
2685	5797	634
2686	5799	632
2687	5801	630
2688	5803	628
2689	5806	625
2690	5808	623
2691	5810	621
2692	5812	619
2693	5815	617
2694	5817	615
2695	5819	613
2696	5821	610
2697	5824	608
2698	5826	606
2699	5828	604
2700	5830	602
2701	5832	600
2702	5834	597
2703	5836	595
2704	5838	593
2705	5841	591
2706	5843	589
2707	5845	587
2708	5848	585
2709	5850	582
2710	5852	580
2711	5854	578
2712	5856	576
2713	5858	574
2714	5861	572
2715	5863	569
2716	5865	567
2717	5867	565
2718	5870	563
2719	5872	561
2720	5874	559
2721	5876	557
2722	5878	554
2723	5880	552
2724	5882	550
2725	5884	548
2726	5886	546
2727	5888	543
2728	5891	541
2729	5893	539
2730	5895	537
2731	5897	535
2732	5900	533
2733	5902	531
2734	5904	528
2735	5906	526
2736	5909	524
2737	5911	522
2738	5913	520
2739	5915	518
2740	5917	515
2741	5919	513
2742	5921	511
2743	5923	509
2744	5925	507
2745	5928	505
2746	5930	503
2747	5932	500
2748	5934	498
2749	5937	496
2750	5939	494
2751	5941	492
2752	5943	490
2753	5945	487
2754	5947	485
2755	5949	483
2756	5951	481
2757	5953	479
2758	5956	477
2759	5958	474
2760	5960	472
2761	5963	470
2762	5965	468
2763	5967	466
2764	5969	464
2765	5971	462
2766	5974	459
2767	5976	457
2768	5978	455
2769	5980	453
2770	5982	451
2771	5984	449
2772	5987	446
2773	5989	444
2774	5991	442
2775	5993	440
2776	5995	438
2777	5997	436
2778	6000	433
2779	6002	431
2780	6004	429
2781	6006	427
2782	6009	425
2783	6011	423
2784	6013	421
2785	6015	418
2786	6017	416
2787	6019	414
2788	6022	412
2789	6024	410
2790	6026	408
2791	6029	405
2792	6031	403
2793	6033	401
2794	6036	399
2795	6038	397
2796	6040	395
2797	6043	393
2798	6045	390
2799	6047	388
2800	6049	386
2801	6051	384
2802	6054	382
2803	6056	380
2804	6058	377
2805	6060	375
2806	6062	373
2807	6065	371
2808	6067	369
2809	6069	367
2810	6071	365
2811	6074	362
2812	6076	360
2813	6078	358
2814	6080	356
2815	6082	354
2816	6084	352
2817	6086	349
2818	6088	347
2819	6091	345
2820	6093	343
2821	6095	341
2822	6097	339
2823	6099	336
2824	6101	334
2825	6104	332
2826	6106	330
2827	6108	328
2828	6110	326
2829	6112	323
2830	6114	321
2831	6116	319
2832	6118	317
2833	6121	315
2834	6123	313
2835	6126	311
2836	6127	308
2837	6130	306
2838	6132	304
2839	6134	302
2840	6137	300
2841	6139	298
2842	6141	295
2843	6143	293
2844	6146	291
2845	6148	289
2846	6150	287
2847	6152	285
2848	6155	283
2849	6157	280
2850	6159	278
2851	6162	276
2852	6164	274
2853	6166	272
2854	6169	270
2855	6171	267
2856	6173	265
2857	6175	263
2858	6178	261
2859	6180	259
2860	6182	257
2861	6185	255
2862	6187	252
2863	6189	250
2864	6191	248
2865	6194	246
2866	6196	244
2867	6198	242
2868	6200	239
2869	6202	237
2870	6205	235
2871	6207	233
2872	6209	231
2873	6212	229
2874	6214	226
2875	6216	224
2876	6218	222
2877	6220	220
2878	6222	218
2879	6225	216
2880	6227	213
2881	6229	211
2882	6231	209
2883	6233	207
2884	6236	205
2885	6238	203
2886	6240	201
2887	6242	198
2888	6244	196
2889	6246	194
2890	6249	192
2891	6251	190
2892	6253	188
2893	6255	185
2894	6257	183
2895	6259	181
2896	6262	179
2897	6264	177
2898	6266	175
2899	6269	172
2900	6271	170
2901	6273	168
2902	6275	166
2903	6277	164
2904	6279	162
2905	6281	159
2906	6284	157
2907	6286	155
2908	6288	153
2909	6290	151
2910	6292	149
2911	6294	146
2912	6296	144
2913	6298	142
2914	6300	140
2915	6302	138
2916	6304	136
2917	6306	133
2918	6308	131
2919	6310	129
2920	6312	127
2921	6315	125
2922	6317	123
2923	6319	121
2924	6321	118
2925	6323	116
2926	6325	114
2927	6327	112
2928	6329	110
2929	6331	108
2930	6333	105
2931	6335	103
2932	6338	101
2933	6340	99
2934	6342	97
2935	6344	95
2936	6346	92
2937	6348	90
2938	6351	88
2939	6353	86
2940	6355	84
2941	6358	82
2942	6360	79
2943	6362	77
2944	6364	75
2945	6366	73
2946	6368	71
2947	6370	69
2948	6373	66
2949	6375	64
2950	6377	62
2951	6379	60
2952	6381	58
2953	6383	56
2954	6385	54
2955	6388	51
2956	6390	49
2957	6392	47
2958	6394	45
2959	6396	43
2960	6399	41
2961	6401	38
2962	6403	36
2963	6405	34
2964	6407	32
2965	6409	30
2966	6411	28
2967	6413	25
2968	6416	23
2969	6418	21
2970	6420	19
2971	6423	17
2972	6425	15
2973	6427	12
2974	6429	10
2975	6431	8
2976	6433	6
2977	6435	4
2978	6437	2
2979	6439	0
